9819849184
0971240174
34394830498
2412989848
3810551550
2412523881
13452806232
3812309471
3862961034
12043949681
8802863502
2255427324
334934739
8708225937
3819225219
883760722
12685451366
334412010
12683764253
2252710994
333888555
813208016
12063118837
2417478949
885266839
3861511712
8881262292
13454144338
13457846339
17286549
12688152171
8702819161
333872054
8881996026
2255149357
8880213823
335537373
12042369069
12689434549
331327418
3814513233
339594757
3865978430
8705523592
12068802194
812543884
12043925477
12044271214
888538971
13459542471
884136889
889732598
3862668515
2253215779
338157892
13456300159
330304712
17798333
881570804
2254763520
885961161
339475588
2414707392
12045400099
819620482
8801768335
13450709445
2416795540
12681908867
8801495751
12046803460
14854889
8702742682
8803773299
8702814978
12040994705
13451503325
8889356236
13451965952
12042194552
19211185
2418171819
10485575
13458659271
2254926422
8888937749
337335255
336762569
3861323985
12682931735
3867571881
12681221800
12062266131
3817541641
12683407428
8801891270
3867426380
2253883983
811532319
12046530712
14643171
2414498255
12068176108
12682287657
332527951
811275754
333196325
8702432491
8881540143
2418677679
2413248673
3869950764
13451460727
2417688564
2415474641
12046633319
8707739307
2258979148
12047466169
819371061
8889802415
8809876469
339365851
12048696182
819327362
336158867
12046709694
8884973301
8886313709
2254357609
3862687585
8702662610
332295226
12060534139
337882490
3815675010
19603048
883440937
12685923323
8704280780
13454677336
8703563767
811107184
13451415618
12064369468
12064470499
12046519646
8705492475
12689380931
815702740
2259650430
8805985741
336868254
12135478
8889310656
8802851822
12069652513
882252671
815215707
8885644824
2250841933
3811215693
3862951830
3867544695
816620207
12066849988
12064246798
12067914349
3867810288
8887145636
12684204953
12067388495
3866558130
12066792555
8804641106
2415745645
12068548124
12689475459
12685145114
8708113864
817908128
882345976
8706242821
8705725864
8709577409
8702569899
3814757737
884686940
12063396055
12687478689
880465636
337186009
8700722061
3814801270
8885265855
8886671071
3861621592
13456279434
334619439
8883729062
8707864368
3819963446
2252328607
8809195654
12067150622
8889322356
3818133235
12060128290
8705556088
2256692214
8882525785
816387345
12061634875
884389342
13454280045
3819335294
813120378
881575012
12047394765
881493820
3814790553
8881157425
3865405343
2414894169
17206243
15906317
8885744219
336105420
13458962533
2255519899
12045823249
818685571
17647259
12686750981
8702158197
888783673
2258140443
12048691178
3814909123
2250151045
3813812387
3865617011
12699334
12042996148
3812286813
3863179858
3868885941
335115648
12046159171
8888383387
2410267899
13455511382
8887103773
16375444
12688458639
8801165166
2256769273
12064150935
2254569155
888499633
3862420068
8883458414
3864722212
8703387190
336763567
8709608009
13454233657
885509562
3818312263
3863261183
884661343
2258187922
8805817501
12687893058
12047396945
816659962
8883118498
12682355110
12061986745
12048980389
811709821
816883039
12063294598
8884894572
12066421720
3860617806
338914497
8707483700
8880874909
2258115279
13455396623
14236687
2251133077
335325458
12069631315
3866435084
12043573283
11360072
3862141524
8705214137
3814966876
13451390108
12066215550
8887171790
810565548
17685919
13451260986
8885412428
331635292
12061579165
330433407
2256683463
810362452
8888186023
12068659210
3869708723
3814200232
12045526823
331904458
12049939860
8881435102
8804621469
10223328
332911745
15210868
8887497509
2412353849
3819225949
12045816449
3811311386
2250694483
3812819894
8880773757
8804898742
2418722505
888944804
810124780
2419763351
12683956576
2414482634
13453435049
8709753802
811307842
335318983
8802137371
8887537847
887691105
12047268292
12060135717
8700319202
8883868938
880214336
335922536
3867153453
11925333
8804444422
8708184994
888297152
2259475302
2417850077
2255347815
8886164973
12049436159
12686530735
8805572184
12041867394
11931620
8708869343
8886233855
8805964867
3860162779
2416834679
3812752443
3865393950
8702131820
882552594
12060820330
12688373508
2257677005
816994420
889215325
818627547
12045926923
8800407526
2416112673
2414967400
12259631
331222477
3861264950
812621163
12046789690
3811908915
13457821558
8706662867
335697575
818176565
12046610277
13361597
12067730021
12905816
810674627
2253881884
12687742708
3817155338
8883670888
13459142666
3869133317
12048475878
3860821427
13450906632
2416661147
13450115115
2253511545
337491732
3819362165
12046431382
886845855
12041893850
8805529893
8883825147
3814184961
14749342
3817527513
8881422294
8705586815
8805698386
13458129487
8804185674
12680571879
2413169457
881643815
8884939613
3866876153
13456278196
13455364345
3863287975
8801219188
13765678
13457314631
2257987549
885743503
8808451713
12069526686
12043379012
8883382814
8805854232
2412222252
331163397
817900960
3816116636
3814500228
880195298
8802989006
8888118198
883350354
16103160
18658985
12687323363
8887887547
3815478777
12040372749
12060310366
3812323802
331646464
13456208465
2252833201
811659649
12680278174
12689706907
884345855
12689583715
8706983665
8700212059
13454748744
12062504044
13452645482
3865105366
817930137
2411125284
12064968592
12683372886
2418206925
12043729121
12682485998
8702407960
3865979989
8806801677
15918140
12683871236
12068304677
3816327490
12061570205
2417892721
12683777703
2251365678
337734060
12047569480
2412254339
13455841477
3869939625
8882195152
3866439232
815571761
12682886756
12680418749
2418871018
2251761772
885435712
8708921650
2250166313
12063638236
3860704155
12682339039
2417703146
3812906614
12046221428
8887642298
2250282121
2414118583
11114296
2413994280
8884971522
334818807
818759514
8808825070
13459939787
2413794277
2416262719
3860448537
12688715187
8700839602
813509554
885954549
2256242211
2251138399
2257306727
3814526795
888536505
10385167
12047992451
14920688
333881823
12063736929
12049890209
338858419
8883901676
12063371295
12042700934
8881255796
3816918048
815742843
880868728
8881547094
8801588049
884636846
2413460336
15205576
3816438666
13451744573
2415540413
12683865040
817740505
2419889617
12069615929
8808530306
12042749184
337646212
12060698693
12046937114
888267319
12069149489
2258672034
8807263032
8705115631
335644048
2256683773
2417675363
12048177766
13459401028
815922276
3811569084
813619127
11447713
3815622081
816528069
13451910582
8706682502
8701578495
8706696148
3866783612
8886837964
8803155817
8803193978
881804408
13451680964
13456733838
814492554
13458297218
11201291
12069356244
818952230
811741884
8708152545
3863122455
12064728503
818282445
8880108693
12060343523
12048814539
8885800926
881601351
8884573044
3865502574
12574756
13454165389
3815872698
12680270087
13450238108
13451490632
12041466141
2259766807
13453534295
3860790487
8704687170
8886913910
8704984251
8883490584
12060358490
12049528888
2413606614
8889575163
8881948821
3863931039
3861365402
2253447417
2258178267
2252164773
811346334
880164570
12683881209
816146231
815391904
12047395204
13459227530
3860381349
3864907993
12068237470
12060447511
13452220380
819387588
8885467241
13456957988
885953743
13453472940
2253277434
3814644082
3812597995
8708274951
2255279297
885610210
8884248862
3868666881
2410800518
338839245
8806364785
2257725431
8883830722
12049254691
8805879975
3815888563
883534480
332434792
17576961
813167785
2413206066
2253714558
887153160
12060422633
3869344101
18973385
12043621552
2257584813
3810193961
8703627265
812821672
12068846691
12043883647
2253260164
330695686
8709275239
12686851966
18219647
2256156480
12041451355
12047346986
15688695
12043278615
12060370184
12064391596
12684527009
3863404510
16619557
12687383096
16401977
8885802518
11271188
8702348105
8883339628
3816241156
812121823
13456269760
339161875
339954784
3812724157
8703495768
12684106211
2257246900
13451239761
13458520264
13459663853
336430434
884328782
12068161912
3863323887
817393352
8708819829
13452469927
12683735649
332465911
12680682542
12041626904
3814113620
2415202551
2419307087
3815661176
8703471422
12681908711
12687115094
15975601
817534496
2416116544
8880778296
12064906764
8709433022
811989583
12063586488
3862551618
3817974169
8808133217
12061410037
12048482238
8707486580
3867745920
815484131
8807928214
812954719
8806202211
3864845133
12689602238
13845391
15406539
818469597
16419510
12689356184
12681248031
13456110949
3819406904
12686848508
338957337
12688977742
8884567294
8707375925
12060666530
12682948465
19133480
8883216614
12069890073
11369543
338239558
8883923319
8802870002
819371970
338532143
8704566954
12044687842
12042650058
8803277533
3868234382
8703758061
2257953496
12686580157
2414964855
12045640196
2419779267
12040249826
3869941195
19941249
817388933
17992276
13451629045
8701362641
2253697369
3817656203
3862851001
2414898014
337445783
13457874079
8801746733
12045832771
3816198837
12684178704
815321347
8805629109
8701283850
13515001
3819688792
3866335950
3865539657
12685130633
8705827644
2411880755
819434956
2254485665
3815827307
889768590
12682568230
3812694063
12043144859
2253115096
3810221575
12808553
8709232768
3863744327
2259686458
8708450240
8705139148
8887265723
8805630391
3813753366
13456884291
12065615247
335719211
8801593102
3868556178
887950088
8805600916
8885871102
12045749352
889941952
888207164
3864798787
2418848358
12066772930
2411552605
13456651539
2254200468
3811433694
339607049
8889377326
881859969
13450344178
8800689814
2418260813
8806241525
8709184001
8704487089
13459882842
2415706985
12047994654
12062648793
2254418624
8701793659
12046512176
8887431364
8806478929
2254833687
12061250968
330590096
12682909715
12049843493
2251693713
13454175911
335418272
15375717
12060608955
889655675
3814979738
12040444953
12060276314
8809506996
8883769214
2253507920
3869642730
12060350155
3815918028
13883772
3819940598
8704368844
882231323
2258376946
889686091
2256958718
3860767808
3860444752
12555336
12683713995
330133291
12069873730
889612691
337617603
12068857190
3817472812
12685268129
8883614348
18685223
8806150752
883470060
3818253361
8885971020
19681530
2252193216
3869177007
882426862
13453460454
3860675401
2250885274
2252663899
13459173693
888580048
8886690096
8886124622
2419571878
884519492
3812836992
3819396224
8884144208
2419195069
2416594860
2410759761
12069342944
336100510
336834712
2415160453
2412613075
889146580
16950618
13453882243
8806924955
882742835
337294877
8881945982
889939498
886937324
2411546794
3813711341
12067595958
12040579590
12040787056
8707737498
3816453262
883237172
3816762497
13454678295
2416364181
336557004
814611428
12063144224
810258436
336260720
8708691310
8803700871
3866732350
2419510378
3868401392
8707161089
3864872350
815491339
8707278908
3817407526
12042647537
13453405353
887466041
8880950277
3869156620
3811362923
12064529038
888373749
13458468914
12682188542
3868240954
8701450930
8883704669
13457837187
13456630419
2259507349
337375324
12683259402
12047292195
2417909458
13452661993
881653042
13900359
881581675
8704877286
8704988773
8887281737
12062531268
8706705067
12681217516
12064657462
818358920
8803131738
12060747965
3867142848
8802272447
8807752210
12045535381
12041932098
12062780682
12060489829
338958596
10694125
2413152299
8700602971
13323595
14326046
8800825258
810706694
11155889
13451407762
330800529
2250511860
817858616
8884910904
8803278381
15145767
8707829273
8806872737
8708583940
8805624182
887650718
14327062
12043519670
8803977961
8882846446
12684733077
12062124735
2416200726
12068171767
8707250571
337857519
884968594
8804743579
2413445536
3860552123
333896860
2254301417
13458553272
12685328198
2256436602
13453515048
887558917
819446148
3816872084
3866922009
12067327546
13459616094
8801998324
17960760
14103799
12046540267
12040956593
19521255
814746874
8809246614
12046679156
16579773
8705665541
3814693643
19161033
12689119943
8807344325
889855432
3816447545
12685832550
2253243115
335907525
12049535157
8807196090
2256426435
8805253650
815577740
3868377038
330509940
333915960
8803550607
2411196486
8708767965
8807312205
8702273224
2413313718
12063689922
3864601733
12685559726
3817843785
2416243306
339335146
13457147351
12060278692
12065515915
12060743748
2414365055
3863618619
812499725
12682103963
8801306690
882695233
2415564412
8809732227
8801600386
12686536298
3867114598
3861917852
3811130689
2416715799
8880498651
8702502305
332772872
338361964
12041983635
8882866641
12060608821
12689866070
2411390374
3816185969
2258568428
2412502953
814586547
3866272410
12683781809
819170110
8703858346
13455733107
14820316
3866982365
3864228205
12689891951
330793955
19557881
816374350
333615542
8884531897
10747254
881628912
8802659798
13319675
3818451071
885354094
339273466
8805200126
2411699915
8888710294
881293804
12684881593
8802724202
8881761326
3869423134
12046494507
2253684794
2256347077
8887468374
3812166179
816150330
2254974074
331500188
2251941728
13458192057
3817270503
8700907543
8806953581
8880751273
3811320311
15756748
815680956
3811662961
3866668500
2416496537
3815438330
2418497215
3819878414
13451228003
12680351125
8709392198
8705698243
12064817665
10741616
8803216286
12685910948
8802947617
811886655
3816365057
817635211
2419705337
3868752475
885303819
13450452341
12683589698
8889141014
2411950439
336862882
889728145
13456798478
331912236
886718290
337178908
2255954742
12064824362
12045850689
12063711867
3864490327
12062631864
2252630441
884894384
339725293
8883163179
8809107299
13458311821
13451440405
12686357484
336565643
811358138
11467242
13458337510
815874718
3865940327
335117607
3861452118
3819421841
883720554
12684601564
18208766
3816547357
881359992
810887242
12686179704
13594898
813532662
813172393
818733651
13451308378
2255316913
8701978294
2251724282
12042414607
811121402
12685555551
2410884101
8886440824
3812589174
13458857583
8806527248
8802715412
3867191446
337872694
2252966122
12048712458
2250536276
2412386006
12682283074
8802497919
12686192038
2252231919
2259283803
887788600
2410506445
12686261512
816704527
8806541061
8804276788
12063931438
13459654949
8809220893
888914547
887265477
813551784
13450576267
12040977456
12049107073
14795168
12064293711
12680486678
8809895354
14934130
3869554516
15403378
3815684699
8808124357
3863585924
8884498131
2413791213
12043483405
12253140
8884234869
8883430909
12689274853
3814142750
8705685230
12689664016
12060906779
13453309513
811266403
2417496599
883718829
17716116
12065334329
3812357532
882968312
8706512464
2414557025
3816941913
2254212178
12040335663
883177309
13450599900
13458904206
889372733
812883773
8801712595
8806445056
3812853225
2411538153
2416757080
12573965
3864856783
13458229688
12062241163
8704858174
2411374345
12681960475
16641523
3869289482
12687164483
12062421639
10351792
14383055
2415423715
12686567275
12686605373
12042718531
2255655104
814706990
2417945804
8803828594
8705533632
8803814120
8808545061
2254311245
12049827731
333547537
816198736
17464507
17497120
18552453
8881667700
886982892
335645580
8806198984
8805433064
881504865
338254287
2410946099
17155474
2255507658
2415542198
17854632
818451534
2411588005
819861334
8700911508
2250789122
885369496
2417427275
2255196008
13455896267
2250276771
12045341376
13451646108
8703140809
330149860
12685630371
13456108351
334460306
12684335805
16560823
8707101654
3811135031
12046556231
3819652269
15982935
12040674280
885807502
8808117069
889818974
8807359884
880383102
3813526433
884289104
2417665491
12047129149
2250821451
19648958
8702597121
813105539
2252360835
3818763261
813329254
13451928395
12049744835
332503762
8888333895
335486544
3860737109
883646893
12686592618
8701612019
12682343867
3860415005
12042427828
3863623032
885295825
3818120002
2412471525
8888296029
2258743122
2413313041
12065644523
3817935574
816376684
2257822117
814471361
13455343568
12068979083
2410556840
12066272755
8884179744
8801319405
882686391
2252929065
882151450
811981273
3864502861
8805744085
3869689704
8880809142
8702121698
8706671529
13454363893
8888523258
12043757094
337765923
8805753755
12683251146
13459988709
3866992095
2257490345
12069265584
8706540648
12686309784
2417154498
2252103797
12684608016
12063262064
11961411
3811677748
815285289
12681741455
8808826503
3810288187
16514925
8700174253
10631603
338386859
17302699
335295984
12066110951
12043844209
8704698305
2418242299
8806166131
2259668827
815902337
13455854441
339526041
881324804
339595855
331212250
12046340416
814420345
12689938791
12045584288
810762414
13456674791
12064109223
